150 2240
0 5
0 7
0 9
0 11
0 12
0 17
0 18
0 28
0 33
0 36
0 45
0 48
0 51
0 53
0 54
0 56
0 68
0 72
0 74
0 81
0 84
0 87
0 93
0 98
0 100
0 105
0 106
0 107
0 115
0 120
0 127
0 129
0 133
0 134
0 141
0 142
0 143
0 144
0 148
1 11
1 18
1 21
1 25
1 26
1 28
1 40
1 45
1 47
1 48
1 50
1 59
1 61
1 66
1 71
1 76
1 81
1 84
1 85
1 87
1 97
1 98
1 105
1 107
1 119
1 120
1 125
1 127
1 128
1 130
1 137
1 139
1 149
2 6
2 7
2 10
2 16
2 22
2 26
2 37
2 38
2 42
2 66
2 67
2 68
2 70
2 78
2 86
2 101
2 105
2 124
2 130
2 132
2 134
2 136
2 138
2 139
2 140
2 148
3 5
3 10
3 14
3 26
3 29
3 34
3 35
3 47
3 53
3 62
3 66
3 70
3 71
3 73
3 78
3 83
3 87
3 90
3 96
3 97
3 105
3 121
3 124
3 134
3 141
4 12
4 17
4 20
4 24
4 44
4 53
4 55
4 57
4 63
4 68
4 69
4 75
4 77
4 80
4 84
4 89
4 94
4 98
4 99
4 100
4 102
4 108
4 113
4 129
4 132
4 133
4 135
4 140
4 143
5 6
5 8
5 17
5 21
5 27
5 29
5 33
5 34
5 41
5 42
5 44
5 45
5 55
5 64
5 73
5 75
5 76
5 79
5 80
5 82
5 84
5 85
5 87
5 99
5 100
5 104
5 106
5 107
5 108
5 109
5 117
5 122
5 133
5 147
6 8
6 11
6 23
6 26
6 31
6 32
6 43
6 53
6 58
6 59
6 67
6 68
6 86
6 103
6 105
6 106
6 108
6 110
6 111
6 115
6 118
6 124
6 131
6 132
6 138
6 145
7 8
7 10
7 11
7 15
7 26
7 29
7 31
7 33
7 34
7 43
7 46
7 48
7 58
7 60
7 67
7 74
7 78
7 79
7 82
7 84
7 92
7 95
7 99
7 101
7 102
7 106
7 112
7 114
7 115
7 116
7 119
7 130
7 135
7 138
7 139
7 147
8 14
8 19
8 20
8 23
8 32
8 35
8 41
8 42
8 52
8 53
8 55
8 56
8 58
8 62
8 66
8 67
8 76
8 77
8 100
8 102
8 106
8 109
8 110
8 111
8 115
8 117
8 119
8 137
8 140
8 146
9 11
9 14
9 18
9 19
9 25
9 29
9 33
9 37
9 38
9 39
9 43
9 56
9 68
9 73
9 75
9 76
9 86
9 88
9 92
9 94
9 98
9 101
9 102
9 109
9 118
9 119
9 124
9 125
9 129
9 134
9 143
9 147
10 12
10 14
10 17
10 19
10 23
10 28
10 29
10 33
10 35
10 37
10 38
10 40
10 46
10 52
10 54
10 59
10 76
10 78
10 83
10 84
10 85
10 87
10 95
10 96
10 97
10 114
10 123
10 125
10 130
10 133
10 136
10 140
10 144
10 145
10 147
10 148
10 149
11 14
11 16
11 21
11 23
11 24
11 29
11 38
11 43
11 44
11 55
11 61
11 76
11 78
11 79
11 85
11 92
11 93
11 96
11 98
11 110
11 116
11 125
11 131
11 133
11 134
11 146
12 13
12 22
12 24
12 34
12 35
12 52
12 56
12 58
12 59
12 73
12 76
12 83
12 85
12 86
12 96
12 103
12 108
12 111
12 113
12 114
12 115
12 118
12 124
12 126
12 130
12 131
12 134
12 138
12 140
12 141
12 145
12 149
13 16
13 19
13 20
13 22
13 26
13 27
13 31
13 34
13 37
13 39
13 43
13 54
13 55
13 56
13 66
13 69
13 77
13 81
13 88
13 90
13 92
13 94
13 96
13 99
13 110
13 112
13 121
13 131
13 136
13 137
13 146
13 147
14 15
14 20
14 23
14 27
14 28
14 54
14 59
14 63
14 66
14 69
14 77
14 87
14 89
14 91
14 94
14 95
14 96
14 98
14 99
14 101
14 104
14 113
14 115
14 120
14 127
14 133
14 135
14 144
15 17
15 20
15 21
15 23
15 29
15 35
15 36
15 38
15 46
15 57
15 58
15 61
15 72
15 74
15 76
15 80
15 82
15 87
15 94
15 96
15 105
15 106
15 108
15 120
15 124
15 126
15 130
15 135
15 138
15 139
15 146
15 147
16 19
16 23
16 47
16 48
16 58
16 70
16 71
16 85
16 91
16 99
16 102
16 104
16 106
16 113
16 119
16 122
16 123
16 128
16 130
16 131
16 136
16 142
16 148
17 29
17 31
17 32
17 35
17 36
17 40
17 72
17 89
17 91
17 93
17 99
17 101
17 103
17 106
17 116
17 124
17 125
17 129
17 133
17 134
17 135
17 137
17 141
17 148
18 21
18 24
18 25
18 28
18 30
18 38
18 40
18 43
18 52
18 65
18 68
18 71
18 74
18 84
18 92
18 94
18 96
18 99
18 100
18 105
18 108
18 110
18 120
18 125
18 143
18 147
18 149
19 20
19 22
19 24
19 25
19 30
19 33
19 42
19 43
19 50
19 52
19 53
19 69
19 70
19 75
19 76
19 85
19 87
19 92
19 105
19 110
19 117
19 121
19 129
20 31
20 40
20 42
20 43
20 44
20 45
20 52
20 56
20 58
20 69
20 87
20 92
20 96
20 108
20 120
20 125
20 126
20 130
20 135
20 136
20 141
20 147
21 25
21 28
21 31
21 34
21 35
21 38
21 39
21 41
21 47
21 49
21 55
21 57
21 64
21 72
21 78
21 88
21 90
21 91
21 92
21 93
21 94
21 96
21 101
21 102
21 110
21 111
21 124
21 125
21 126
21 143
21 144
21 147
22 24
22 27
22 33
22 34
22 35
22 37
22 46
22 63
22 80
22 82
22 84
22 87
22 89
22 95
22 96
22 109
22 119
22 134
22 136
23 27
23 34
23 39
23 43
23 44
23 47
23 51
23 52
23 54
23 61
23 63
23 67
23 72
23 73
23 79
23 85
23 92
23 104
23 109
23 112
23 113
23 116
23 117
23 118
23 123
23 128
23 134
23 135
23 144
24 30
24 33
24 35
24 52
24 60
24 70
24 74
24 82
24 84
24 105
24 112
24 118
24 122
24 126
24 128
24 129
24 130
24 137
24 144
25 26
25 28
25 36
25 40
25 41
25 47
25 48
25 49
25 51
25 53
25 56
25 64
25 69
25 70
25 72
25 75
25 94
25 100
25 103
25 108
25 119
25 123
25 129
25 138
25 139
25 144
25 146
25 147
25 148
26 28
26 32
26 35
26 41
26 44
26 46
26 52
26 60
26 63
26 65
26 66
26 72
26 80
26 92
26 100
26 101
26 106
26 108
26 112
26 115
26 125
26 132
26 133
26 135
26 148
26 149
27 29
27 32
27 33
27 37
27 41
27 44
27 51
27 66
27 72
27 73
27 74
27 78
27 79
27 83
27 86
27 87
27 93
27 96
27 101
27 104
27 105
27 110
27 118
27 124
27 130
27 140
27 144
28 32
28 33
28 45
28 46
28 47
28 53
28 59
28 71
28 74
28 78
28 87
28 100
28 102
28 105
28 109
28 111
28 122
28 126
28 129
28 132
28 135
28 140
28 145
28 146
28 148
29 30
29 32
29 36
29 40
29 46
29 52
29 53
29 66
29 70
29 74
29 78
29 79
29 83
29 87
29 89
29 92
29 93
29 94
29 95
29 100
29 104
29 115
29 118
29 123
29 126
29 129
29 133
29 139
29 141
29 143
30 34
30 37
30 44
30 51
30 53
30 58
30 60
30 61
30 63
30 66
30 77
30 84
30 87
30 98
30 102
30 106
30 108
30 110
30 119
30 120
30 124
30 129
30 136
30 137
30 146
31 33
31 36
31 38
31 39
31 51
31 58
31 60
31 75
31 76
31 82
31 102
31 116
31 127
31 138
31 143
31 144
32 33
32 47
32 53
32 56
32 58
32 62
32 65
32 68
32 79
32 81
32 87
32 88
32 95
32 98
32 106
32 107
32 109
32 110
32 113
32 130
32 132
32 135
32 137
32 140
32 144
33 36
33 37
33 51
33 67
33 68
33 70
33 79
33 83
33 86
33 99
33 106
33 107
33 113
33 115
33 140
33 144
34 40
34 44
34 51
34 58
34 60
34 61
34 72
34 78
34 98
34 105
34 108
34 113
34 120
34 130
34 144
35 40
35 42
35 43
35 47
35 50
35 57
35 61
35 63
35 65
35 74
35 75
35 78
35 79
35 87
35 90
35 92
35 93
35 94
35 97
35 103
35 107
35 111
35 115
35 123
35 129
35 133
35 137
35 138
35 147
35 148
36 39
36 41
36 42
36 55
36 59
36 63
36 71
36 73
36 79
36 80
36 85
36 88
36 91
36 92
36 98
36 102
36 120
36 122
36 123
36 124
36 127
36 130
36 148
37 41
37 47
37 60
37 66
37 69
37 75
37 82
37 83
37 90
37 102
37 112
37 113
37 122
37 126
37 129
37 132
37 134
37 141
37 145
37 147
37 149
38 42
38 49
38 50
38 51
38 69
38 76
38 77
38 80
38 94
38 98
38 102
38 104
38 116
38 122
38 123
38 124
38 128
38 131
38 132
38 141
38 142
38 143
39 43
39 46
39 47
39 48
39 51
39 55
39 57
39 60
39 63
39 66
39 68
39 70
39 75
39 82
39 98
39 100
39 104
39 105
39 119
39 121
39 136
39 138
39 142
40 43
40 49
40 59
40 66
40 70
40 75
40 77
40 81
40 95
40 97
40 99
40 102
40 109
40 116
40 121
40 129
40 130
40 135
40 136
40 140
40 146
41 48
41 50
41 52
41 55
41 56
41 72
41 73
41 76
41 78
41 88
41 95
41 98
41 102
41 105
41 106
41 109
41 113
41 119
41 122
41 124
41 131
41 132
41 135
41 137
41 139
41 146
41 147
41 149
42 48
42 65
42 68
42 74
42 77
42 80
42 81
42 83
42 84
42 93
42 94
42 97
42 104
42 112
42 113
42 121
42 147
43 59
43 66
43 67
43 68
43 69
43 73
43 83
43 85
43 87
43 92
43 103
43 104
43 105
43 113
43 118
43 128
43 132
43 133
43 135
43 138
43 145
43 149
44 45
44 55
44 57
44 60
44 66
44 85
44 87
44 88
44 98
44 104
44 106
44 120
44 122
44 125
44 131
44 132
44 138
44 144
44 145
45 47
45 48
45 49
45 51
45 52
45 57
45 65
45 67
45 70
45 72
45 88
45 90
45 92
45 93
45 107
45 112
45 122
45 130
45 131
45 142
45 144
45 146
45 147
46 47
46 57
46 63
46 69
46 72
46 73
46 76
46 97
46 98
46 106
46 109
46 117
46 118
46 120
46 121
46 122
46 124
46 129
46 130
46 131
46 134
46 139
46 144
46 145
47 51
47 56
47 61
47 62
47 64
47 65
47 67
47 75
47 78
47 81
47 92
47 107
47 112
47 115
47 124
47 127
47 128
47 129
47 146
48 54
48 59
48 60
48 65
48 73
48 80
48 85
48 89
48 92
48 103
48 106
48 108
48 111
48 118
48 131
48 135
48 140
48 142
48 143
48 147
49 59
49 63
49 68
49 71
49 74
49 93
49 94
49 104
49 108
49 109
49 115
49 120
49 127
49 128
49 133
49 134
49 136
49 139
49 146
50 61
50 70
50 85
50 87
50 103
50 110
50 115
50 125
50 129
50 131
50 134
50 137
50 138
50 139
50 146
51 52
51 58
51 65
51 66
51 67
51 68
51 75
51 77
51 88
51 90
51 93
51 101
51 104
51 105
51 107
51 108
51 115
51 116
51 120
51 123
51 124
51 132
51 144
52 61
52 67
52 74
52 80
52 94
52 98
52 100
52 102
52 103
52 104
52 123
52 135
52 137
52 139
52 144
52 145
53 70
53 72
53 83
53 88
53 91
53 108
53 120
53 130
53 131
53 132
53 134
53 135
53 138
53 140
54 57
54 58
54 61
54 63
54 64
54 69
54 87
54 101
54 103
54 110
54 111
54 113
54 128
54 138
54 140
55 59
55 60
55 76
55 90
55 96
55 98
55 102
55 107
55 108
55 118
55 122
55 123
55 125
55 127
55 133
55 136
55 137
55 141
55 143
56 57
56 60
56 66
56 69
56 77
56 81
56 103
56 112
56 124
56 128
56 129
56 131
56 132
56 144
56 146
57 59
57 83
57 87
57 89
57 91
57 104
57 108
57 112
57 117
57 122
57 134
57 137
58 61
58 65
58 66
58 68
58 69
58 72
58 73
58 76
58 80
58 84
58 94
58 100
58 107
58 109
58 110
58 111
58 113
58 117
58 128
58 130
58 135
58 146
59 62
59 64
59 69
59 70
59 74
59 76
59 78
59 79
59 81
59 82
59 84
59 85
59 86
59 90
59 94
59 95
59 96
59 97
59 112
59 121
59 128
59 129
59 133
59 134
59 144
59 149
60 67
60 77
60 86
60 88
60 100
60 104
60 106
60 108
60 113
60 114
60 115
60 119
60 122
60 144
60 147
61 67
61 70
61 73
61 75
61 77
61 81
61 90
61 91
61 97
61 98
61 99
61 102
61 112
61 115
61 119
61 136
61 142
61 143
61 144
62 64
62 70
62 84
62 98
62 104
62 105
62 106
62 111
62 119
62 121
62 122
62 124
62 128
62 130
62 131
62 134
62 137
62 138
62 144
63 64
63 67
63 78
63 80
63 91
63 99
63 107
63 109
63 113
63 116
63 123
63 130
63 132
63 133
63 134
63 135
63 140
63 144
63 146
63 147
64 65
64 67
64 70
64 76
64 77
64 87
64 90
64 95
64 100
64 101
64 102
64 116
64 120
64 130
64 138
64 139
64 140
64 145
64 146
64 148
65 68
65 70
65 73
65 74
65 76
65 84
65 92
65 109
65 115
65 118
65 129
65 130
65 145
65 147
66 68
66 74
66 92
66 102
66 105
66 122
66 123
66 124
66 125
66 127
66 130
66 145
66 147
66 148
67 68
67 69
67 70
67 74
67 84
67 90
67 91
67 94
67 95
67 96
67 104
67 114
67 117
67 125
67 128
67 136
67 137
67 140
67 141
67 147
67 148
67 149
68 71
68 84
68 85
68 86
68 90
68 94
68 95
68 107
68 108
68 109
68 121
68 122
68 126
68 133
68 134
68 136
68 138
68 149
69 84
69 90
69 101
69 103
69 104
69 107
69 111
69 115
69 118
69 121
69 125
69 142
69 147
70 72
70 74
70 75
70 78
70 87
70 102
70 109
70 116
70 123
70 126
70 131
70 135
70 136
70 143
71 72
71 78
71 79
71 81
71 102
71 106
71 110
71 112
71 118
71 119
71 123
71 138
71 139
71 141
71 145
72 90
72 92
72 107
72 118
72 127
72 134
72 135
72 137
72 138
72 146
73 74
73 83
73 88
73 94
73 97
73 104
73 106
73 114
73 118
73 124
73 128
73 138
73 142
73 144
74 83
74 84
74 85
74 89
74 96
74 100
74 110
74 113
74 118
74 122
74 132
74 136
74 140
74 144
75 77
75 82
75 84
75 90
75 95
75 106
75 110
75 116
75 118
75 126
75 127
75 129
75 136
75 137
75 139
75 140
75 146
76 80
76 83
76 88
76 92
76 99
76 104
76 116
76 123
76 125
76 126
76 130
76 133
76 138
76 142
76 146
76 149
77 86
77 89
77 93
77 97
77 98
77 99
77 100
77 106
77 116
77 119
77 126
77 129
77 133
77 139
77 149
78 84
78 87
78 93
78 97
78 98
78 99
78 104
78 115
78 119
78 121
78 122
78 124
78 126
78 129
78 131
78 138
78 139
78 143
78 145
78 148
78 149
79 84
79 88
79 89
79 91
79 92
79 102
79 110
79 115
79 118
79 120
79 121
79 131
79 143
79 145
80 81
80 85
80 89
80 98
80 101
80 104
80 106
80 107
80 109
80 120
80 122
80 125
80 141
80 146
81 87
81 101
81 106
81 109
81 110
81 125
81 127
81 131
81 133
81 136
81 140
81 145
81 148
82 85
82 87
82 89
82 91
82 93
82 102
82 107
82 108
82 115
82 124
82 138
82 140
82 145
83 87
83 92
83 96
83 97
83 102
83 106
83 109
83 111
83 112
83 118
83 123
83 137
83 138
83 144
84 85
84 102
84 105
84 106
84 108
84 112
84 116
84 121
84 124
84 133
84 148
84 149
85 87
85 100
85 101
85 110
85 113
85 114
85 122
85 125
85 127
85 129
85 133
85 136
85 145
85 149
86 87
86 88
86 89
86 91
86 99
86 103
86 117
86 119
86 125
86 135
86 149
87 96
87 102
87 104
87 112
87 113
87 121
87 124
87 126
87 127
87 130
87 131
87 132
87 140
87 142
87 145
88 89
88 96
88 98
88 114
88 118
88 120
88 133
88 140
88 141
88 145
88 149
89 92
89 94
89 105
89 107
89 128
89 139
89 147
89 149
90 91
90 92
90 95
90 96
90 97
90 99
90 101
90 118
90 123
90 124
90 127
90 134
90 137
90 145
90 146
91 95
91 96
91 102
91 108
91 116
91 123
91 129
91 139
91 141
91 143
91 146
91 147
91 148
92 102
92 105
92 107
92 112
92 116
92 141
92 148
92 149
93 95
93 97
93 98
93 100
93 111
93 113
93 121
93 125
93 132
93 133
93 135
93 142
93 144
93 148
93 149
94 97
94 126
94 127
94 128
94 134
94 138
94 140
94 146
94 148
95 96
95 105
95 118
95 119
95 124
95 133
96 100
96 110
96 114
96 115
96 124
96 131
96 133
96 134
96 135
96 142
96 143
97 98
97 99
97 102
97 113
97 117
97 125
97 131
97 135
97 136
97 140
97 144
97 145
97 147
98 101
98 102
98 110
98 111
98 116
98 124
98 127
98 136
98 147
99 107
99 117
99 124
99 128
99 141
100 105
100 106
100 115
100 120
100 121
100 124
100 125
100 135
100 137
100 143
100 144
101 111
101 120
101 124
101 129
101 136
101 144
101 148
102 103
102 108
102 109
102 110
102 129
102 139
102 140
102 146
102 147
103 109
103 111
103 113
103 115
103 120
103 123
103 136
103 141
104 111
104 117
104 120
104 125
104 131
104 147
105 112
105 113
105 115
105 116
105 118
105 134
105 146
106 111
106 119
106 122
106 123
106 130
106 137
106 141
106 142
106 143
106 145
106 146
106 148
107 108
107 119
107 123
107 126
107 140
107 148
108 116
108 117
108 127
108 128
108 129
108 132
108 134
108 135
108 138
108 139
108 143
108 144
109 110
109 111
109 126
109 131
109 135
109 139
109 149
110 112
110 116
110 123
110 124
110 131
110 149
111 113
111 115
111 120
111 122
111 133
111 136
111 138
111 141
111 146
111 148
112 114
112 115
112 117
112 124
112 125
112 138
112 140
112 145
112 146
113 115
113 120
113 122
113 123
113 129
113 140
113 142
113 148
114 128
114 131
114 132
114 137
115 116
115 119
115 137
115 138
115 142
116 118
116 124
116 128
116 133
116 135
116 137
116 141
116 143
116 147
116 149
117 119
117 135
117 136
117 141
117 142
117 146
117 148
118 123
118 125
118 126
118 134
118 139
118 143
118 146
119 123
119 124
119 127
119 130
119 134
119 147
120 121
120 136
120 147
121 128
121 136
121 139
121 140
121 141
121 147
122 125
122 140
123 127
123 134
123 146
124 128
124 131
124 140
125 126
125 134
125 138
125 149
126 127
126 128
126 130
126 147
127 142
127 147
127 148
128 133
128 136
128 144
128 146
129 130
129 132
129 136
129 137
129 147
129 148
130 133
130 135
130 148
131 137
132 135
132 140
132 141
133 141
133 143
133 145
133 149
134 139
134 140
134 142
134 145
135 139
135 141
135 143
135 145
136 137
136 142
136 144
136 148
138 141
138 142
139 144
139 149
140 142
140 143
141 147
142 143
142 146
142 148
144 146
146 149
