7592
3598
7647
9511
7514
7099
7679
3107
8184
8929
2598
9967
4013
5207
4579
5318
9303
6807
2133
6088
310
1966
3588
4240
2793
3403
7458
742
3813
2587
4306
4369
5619
4211
480
209
3184
5319
834
7472
8182
6750
9629
2242
5076
14
4270
3913
6165
992
7101
8244
2828
1972
3924
5222
4248
9377
8653
7254
3466
6775
2048
2630
949
4401
8986
204
6098
2045
3282
72
682
3905
7803
6332
3334
151
7171
1596
2820
6793
1413
3952
539
488
7873
6430
7900
9069
1561
5351
9415
6598
134
9323
9905
2423
3862
898
3846
2069
7072
7776
2630
8170
7703
2076
9928
1549
9137
4685
9586
676
7034
5104
3685
2233
9175
9030
6802
9756
4725
9120
979
3430
7097
7684
7319
185
2309
2630
610
5614
9364
9756
4376
8296
9635
267
377
1962
8531
4224
9784
6772
5024
8166
5725
890
5723
8891
5354
1948
3562
810
9181
8777
8162
7668
2207
5241
2165
4714
2496
7800
7193
3681
928
3895
490
8863
9718
4274
4784
9860
9143
4173
7294
9158
7037
5345
1073
3335
7981
7100
2474
7353
2135
616
9153
3403
62
5167
6450
3779
6869
5472
8508
6250
3690
6125
807
5837
3127
8222
8791
3750
3983
7760
5235
8396
4447
9353
671
8936
5459
1032
9609
9979
2548
5641
5483
4115
9320
478
8911
2851
1181
3532
6638
2898
1951
2049
6735
4851
7652
196
5186
4598
3091
6842
2254
2238
2322
480
5868
4366
9177
9619
1545
5081
4805
174
8343
9610
