3386
9990
8539
822
7901
9827
8320
9228
4052
7742
5987
8199
2053
9281
5585
2080
1630
2741
5307
2820
697
3381
9793
1818
9191
7100
4611
8811
6493
822
5318
2413
2111
3140
2502
4876
6507
3023
8110
3705
5761
4978
8096
2248
9118
5003
5444
7595
7260
3398
1183
6674
317
3843
9882
7861
5001
426
3152
7107
4398
6449
3788
9500
6988
6215
9342
719
1229
7277
6760
418
4560
7622
2895
4676
7069
5479
8213
7193
9824
2990
7464
638
476
724
8418
4748
7689
9659
7515
9892
728
1987
6054
6536
4310
3284
1021
1247
559
4266
8010
3263
8328
1902
9302
2369
5242
5067
1626
8494
6484
2520
4574
9726
8252
9096
1194
6560
7693
6351
2016
4927
931
3016
1691
6244
2506
6740
2760
5309
1427
336
2697
8264
6137
4647
8664
468
4847
5601
8987
2773
3863
1322
9953
7903
7459
2740
1285
2296
8541
8905
7900
4280
4333
9413
5115
7161
7859
8468
2500
2494
4907
8065
9367
9563
5881
4005
3218
2327
69
6447
1850
6954
8516
2074
4794
7908
4539
4658
581
6400
5903
2035
3910
3907
2573
6027
2097
7181
7715
9091
8491
2168
7506
2688
2790
8483
5181
5873
117
4658
3598
528
746
5895
4826
1176
5931
8704
9036
4386
6601
3325
3550
2447
5331
4304
8286
8707
5219
7773
6574
8709
4352
8932
3426
5752
9832
4054
3077
4134
7463
110
9969
2106
6190
2860
2029
3941
2799
5185
5299
5666
9356
3909
5160
9254
9005
1289
8425
8532
4820
6677
3301
8663
1555
3390
2201
5730
5370
2253
4223
2895
9944
1101
7822
8508
9514
9055
5711
9181
1599
9313
8091
400
3651
588
3151
6711
999
7276
6456
6455
5028
481
3431
4520
959
104
1874
9767
8275
5874
8710
1409
9918
4434
3647
4340
777
4686
3034
5671
5056
2198
6017
7062
5577
7708
2487
5133
7537
3554
7243
8711
9477
1473
7216
2568
1215
6746
7924
6825
274
1983
2243
6867
4795
9492
3068
947
4105
9642
8633
9613
659
4933
614
4146
4298
5993
984
3813
2960
495
3036
9617
6498
6638
2300
8341
397
4337
5261
1604
3756
2946
5483
7424
1786
9197
9812
5697
8035
6950
4485
3639
6908
6097
9842
6236
5625
9716
6883
7473
8414
9908
5806
30
1675
6470
1518
8661
9345
1342
9091
4828
6797
8492
6613
5585
8021
6986
7539
9657
9441
6222
8414
2370
2961
550
6990
5973
6215
6674
2042
6764
9817
5943
8157
3987
6258
3841
2686
3797
9172
2594
2031
5417
6301
7542
1171
8813
1486
6864
8955
9680
2028
4467
9950
8732
5995
2907
4737
4088
3239
8394
3849
1875
8150
219
5582
6152
5076
1603
4312
7051
821
542
173
561
3968
8789
799
1287
2009
7164
259
6476
9518
2976
827
3558
3507
6280
4456
2158
9540
3241
2913
4769
9484
3338
8466
2286
4377
8784
1208
8600
9616
2038
3077
467
9169
9014
3607
7046
8900
1252
313
9155
9226
3912
5237
4025
2844
7671
4256
6356
5561
7747
4546
8239
6595
9501
7492
3718
8540
1792
3845
8057
8273
3368
6940
2924
1540
4983
6833
8410
969
2264
6489
8978
1720
1691
5045
4312
912
100
3082
1275
3501
4898
4306
9275
8845
6205
1065
4613
6556
8116
5504
6749
6342
4372
6954
6495
349
2756
2553
5065
2151
5388
4109
9634
3611
1471
1468
3170
4183
5652
5510
967
1696
5485
9312
4197
7092
8873
6933
4073
2241
9376
131
4294
2779
3025
9646
3016
8817
4233
7593
6220
2133
2823
3228
4075
6038
2794
2864
1775
9038
4687
3519
3365
739
1547
7955
3934
3000
6544
3076
4504
5821
4475
1929
2429
9860
9699
1051
8567
2526
5766
4839
684
8892
458
2003
7936
7143
6953
9720
2239
9276
5541
7975
6081
8780
2495
5260
7329
1635
3466
3632
9897
8304
6430
9634
940
2233
5087
2756
3477
2305
8555
9750
8535
8293
6955
1465
5620
4165
740
6620
1756
6523
6083
8964
7796
303
5118
7254
9572
5376
1051
2906
2744
6858
111
8983
7409
9896
7076
7560
9395
4597
7645
9849
1428
7642
8782
7101
7757
1634
942
1530
8553
8819
1085
2003
1905
9614
1470
7589
54
1147
5680
3607
9818
3988
4081
4149
3453
8580
9795
9625
1572
6346
7276
9805
4296
9758
7539
1740
2247
8019
3809
7111
6038
8427
1014
7484
5283
6401
6
5326
2828
3222
3507
585
3222
5621
5284
4315
9549
3033
4449
3352
3967
1938
827
1336
4980
1785
2489
6558
3294
5733
9868
1984
9688
8897
9033
1051
3032
1988
9208
2271
1795
5839
9299
3210
7247
564
788
2326
1107
511
1654
1121
4990
9539
8235
5358
4001
7927
8745
9621
9614
4810
5687
9434
1162
8195
1299
4829
968
737
9476
7639
9972
1156
4367
8142
8595
1455
4050
3586
8255
5265
3954
509
7028
6303
6814
5190
8428
5068
5449
8656
1133
6844
394
9764
2259
7449
9813
4003
9418
8703
7714
5001
5125
9016
4078
4147
6372
8581
8094
1989
1349
4977
4638
8075
1762
3363
9304
3384
9021
9997
2562
1508
8007
7793
4362
2747
858
6869
6252
5224
2113
9407
3825
9426
3805
439
6482
627
2895
327
4286
6998
5937
3484
7169
8259
6182
5947
7464
4621
7688
1090
3868
1159
4439
9199
4997
2968
2783
2215
3266
4389
2638
2318
1847
7412
6965
3822
8596
252
8303
6871
6156
1350
8584
7970
5276
4454
669
8950
1399
2734
7026
1118
4386
4876
3362
5904
3137
3476
5246
23
9298
3517
3350
7684
8199
5751
9407
961
9449
407
1860
5841
7265
3758
255
8670
347
6250
7701
8291
7740
385
6993
8152
1526
5969
6640
7631
8521
8698
9438
8175
4803
3505
1551
9838
3864
9314
9709
9311
3726
8781
400
6773
2057
3969
6339
9241
5154
7563
9705
7309
4432
3777
2810
4531
490
7444
1806
4449
9941
6429
8762
6916
5636
9621
1976
4908
5674
9709
9001
1261
4036
3358
8135
1745
1295
5325
8400
9917
11
3501
1232
790
2080
6126
9253
7379
5385
7485
9320
6071
5954
4079
6944
5796
1861
9736
7707
2617
7887
143
6213
1646
177
4979
118
4577
1638
3088
5287
1642
3436
6351
594
8452
3041
9786
4342
5223
5209
7064
5091
9271
7511
7599
3689
9185
153
6865
4223
5062
3343
7357
5341
822
7180
9097
270
7624
4451
1294
8706
8207
3649
331
7663
4139
4887
7319
3999
3052
3711
6298
5443
4947
8487
5049
2433
4687
2893
8972
5360
1821
1935
2992
7207
3985
6939
7910
3312
9926
5551
9470
2834
3610
7659
5231
8325
6290
1420
8077
8669
1977
8712
9192
607
6036
1992
4415
6298
8484
5639
8038
8964
6982
6342
108
2040
6791
4267
264
2549
2522
3530
4023
4950
5748
9543
6297
8639
2431
1412
5658
6241
2111
8644
2706
3643
5133
9424
7899
6408
7921
3295
9783
6186
7411
6907
1139
4479
5958
7674
25
3287
5775
3377
4028
6866
7329
8137
3786
4464
5419
1953
9816
6223
5448
2799
1382
5980
6785
8277
3218
6073
4109
471
8219
3510
6489
2967
5344
9190
1913
1276
6162
1390
5609
4703
7392
2244
4395
4946
8221
3482
3613
5238
794
559
9134
8792
3646
3092
3388
5309
4725
3497
9791
2831
2425
9954
5237
6782
9328
2624
7768
6761
8107
8621
6087
8586
610
1926
1561
3622
9321
8463
1158
7996
277
6193
2672
1896
4573
4783
7336
9352
3763
1576
7928
5629
4471
8766
2486
8126
5062
2987
2260
765
1170
1065
9132
7447
7487
3770
3894
4391
6699
839
7766
3617
8921
3300
2819
5196
5637
4074
3425
1657
7110
9273
9395
2862
3768
5333
5491
5644
4030
2838
4424
8765
4711
5429
7055
2756
512
5217
6963
3260
1640
1943
4391
6501
895
4633
834
611
9319
3840
4180
7833
9194
8720
4809
382
6140
8943
517
1115
9658
4537
4307
3302
2380
9894
8357
3488
901
1483
9078
8448
8269
7799
370
7536
4330
735
1623
5884
9611
7004
1338
4828
7660
2519
5767
9461
4601
3054
8849
3475
5907
1065
7383
1631
9539
6961
5176
7292
9770
1287
1660
3403
9466
863
656
9228
5074
6065
8588
8458
7795
217
8663
9770
8599
5026
3223
890
6815
4002
4635
1581
6727
5551
4391
3221
2110
3420
1267
2257
9398
8825
7476
9669
584
1884
8358
2582
4724
4883
290
753
6488
5085
9122
7123
270
9206
6730
4767
5797
9309
5015
1582
5431
503
5146
9625
4050
8082
4555
7216
977
5148
9343
9185
6270
6604
415
6645
560
9733
2040
4935
3638
5728
6723
5221
4781
9347
9376
7692
6322
9093
3769
2218
9538
2378
5781
1715
9841
7644
8933
9766
6165
6196
5237
4335
8979
5652
3486
7674
9419
9015
2623
2277
4187
581
3927
1207
4377
2812
9649
4549
9886
3427
8142
4319
730
7029
158
6485
1062
6206
8700
8042
5755
9181
5125
6994
5837
4143
3361
2819
5556
8702
5410
7374
4623
5243
3786
4247
2271
3190
5861
4564
2718
2382
7661
7218
7602
5405
8422
163
2832
2168
9895
9994
6939
4959
3070
7631
9203
8897
4399
1517
3964
9654
431
2483
9853
2480
6173
1223
1114
9347
8743
5916
4773
3651
7988
4170
2278
5552
5404
9480
7484
3674
4691
5042
9401
1736
2033
6647
9424
1266
3756
2509
7242
9098
3455
4416
3011
5189
2768
9316
8985
5098
3064
2988
8204
7519
3962
2835
9183
6447
8446
3799
9693
4960
6068
2833
6699
7264
7327
9968
7423
5599
5271
1091
2853
7761
6417
9842
3325
731
1074
3095
8614
6847
1268
8788
9785
2235
673
472
437
6065
2888
1995
5409
5101
9424
7938
3426
1100
2460
8608
3529
881
4250
4280
6983
353
9770
4037
6915
352
5097
1809
3676
9572
6196
6113
5527
5788
2458
4907
6645
1569
2106
983
9270
8805
382
9017
8967
5323
7662
9416
1539
4712
351
9287
6275
3120
7843
9161
4132
4250
1611
1705
2010
87
9708
5324
5796
4649
4242
4499
5714
8981
9601
8035
3398
8468
1890
9583
8978
3273
7318
3636
7715
9281
6215
9545
4399
6816
877
5186
9048
4255
8543
7159
9645
9185
9081
9004
5371
7010
6319
1197
8425
1602
8672
291
6967
4744
8268
9419
1553
9179
6852
5185
9570
7634
3566
4465
167
8895
9594
9418
8080
1224
2701
3049
4933
8532
4768
6611
2543
5357
1931
7830
8072
8161
6820
2231
1145
5329
6014
830
4553
4641
4725
3705
8103
4036
5135
7351
4268
8049
8566
4163
2461
3747
2633
3984
3266
2420
9589
9206
8181
2761
3202
4041
7855
9618
9096
628
5606
1809
5707
9423
4088
3193
3027
3286
945
5270
6414
7043
4488
903
3340
3288
716
1862
8836
5932
2408
9912
8167
806
577
5657
4855
9833
3607
5705
5082
1439
1990
8449
1040
1264
9209
5673
9165
7107
2059
1625
9602
9958
9634
6481
2898
8738
2367
8254
7459
5283
4043
2930
8636
3918
1921
5119
4607
1784
6221
6853
6184
7610
5335
3632
4588
143
3718
4772
3623
7101
4655
8720
4800
4643
6581
5605
7648
1493
8988
6922
730
1280
4691
8729
2078
8771
6242
2018
6743
1952
6862
4077
2165
1832
782
6429
2186
9706
9166
1326
1794
720
3446
3868
8043
8350
1330
1614
8674
6650
4357
7944
7456
9871
4145
8019
2035
3634
7999
7550
1090
8601
4493
3570
99
1183
6373
9757
2319
1069
8263
9689
6454
4083
8582
2479
9234
2291
7671
8097
9604
1121
6890
6114
5058
8560
8323
260
4463
425
5976
8985
7426
2039
6074
3558
5217
9215
8580
4877
3109
5165
8783
317
9874
9048
2642
3164
6152
788
8570
7251
7702
2044
5741
392
185
448
8739
7980
4959
8233
6056
1152
8806
1722
1051
156
7409
1428
9818
9186
4126
2294
9400
1068
3008
5077
249
8285
7677
1036
9379
3790
3231
3728
3748
9074
919
9508
6289
2075
3649
5966
5427
2679
9088
9120
3153
4106
8913
1586
3879
2025
4568
2874
3263
3769
130
6329
591
4376
7642
715
8528
3651
1007
9218
8746
1012
9709
7866
7684
2564
7852
303
3765
3966
600
4505
9700
144
4480
6194
3684
972
8841
8914
7524
7039
3671
4475
2732
5404
4084
6729
2979
6792
8872
532
5700
2357
4989
9344
553
7157
5299
3781
3261
1549
7503
7009
6386
9968
930
1728
4284
5556
9932
110
