153
7101
2479
5053
3866
7626
5272
7711
3207
5120
5813
9816
4995
1658
7246
9992
4889
68
9944
6929
3031
3174
941
2250
6261
2423
238
188
3509
3285
7312
6369
4451
9854
6990
8272
7284
1243
8647
7432
1087
1714
5081
9377
210
4176
6144
6766
7222
2192
7241
6091
3032
3801
2113
9921
3190
9772
8876
6359
8825
5547
2385
2085
6630
9515
7403
1033
5281
186
3141
8673
6921
5555
9770
1054
9554
5820
9844
9081
7743
8838
8757
7493
8134
112
9295
3900
5445
4981
7981
7848
9097
1176
548
6528
8448
1062
3618
1481
9596
7880
8435
2582
5104
320
5151
2264
5289
1455
6074
575
3553
2714
9821
8932
838
7790
4697
8789
9499
1979
5325
3378
5367
8276
8709
9185
2741
3676
3114
6118
6895
6860
5258
5584
3759
3634
3910
9187
7624
5068
8124
3955
3007
4781
5109
6864
4442
1029
9773
4269
5750
9779
3095
1394
4164
9064
9235
890
7544
683
2107
735
7015
4131
280
8959
9947
6637
757
1961
3526
4424
7083
2495
1146
3064
640
419
4618
9086
7775
8729
8110
5750
3841
2634
6415
8464
2368
7361
3499
2774
3617
1370
1693
8867
8525
6184
3721
6565
8835
1876
7916
8560
442
4466
1367
1232
5613
7821
7863
2623
6331
1186
3481
8789
1092
2602
6902
7352
9781
214
5379
777
4114
4642
3860
3286
7873
1730
6874
7544
57
1463
3055
9661
6608
8832
2501
3959
4393
752
8042
6699
9285
6884
65
3106
2829
151
2174
4225
4271
7818
6124
9084
9808
4417
3120
4143
5824
6981
8379
477
7756
4454
5791
3243
2997
4607
243
8376
3430
949
414
9446
2993
5387
4462
8640
8369
7498
6115
9772
9094
2277
7439
9916
7415
229
2519
8040
6257
9657
428
2955
4808
9738
7056
7900
5251
6762
5689
9127
8809
6067
1029
8272
8009
5594
6191
6258
9039
8907
8992
1005
6750
2930
7736
9366
2373
5963
479
2960
1819
991
1301
8808
398
3733
5030
2664
2992
4017
5321
6464
186
8413
9714
5255
2805
3026
6173
8813
7048
2069
5846
2565
6248
8360
2342
6544
5917
9718
6525
3995
6804
2793
1629
834
2101
6089
8283
9188
9224
7406
7056
4954
4695
9380
4552
8724
9615
4270
3580
4431
1523
1866
3061
2348
5139
869
3830
1616
134
1595
1557
2689
2381
8407
4292
91
5474
7063
3359
89
1029
8250
6546
952
1445
562
2482
3279
2325
6297
6306
8164
3826
4543
6530
1229
1402
8594
8175
7785
8100
9741
6238
2475
708
2782
2841
7796
424
9785
777
7165
7813
5749
5827
9624
1723
6150
7677
2109
2329
1931
7886
1364
7419
3033
8402
9106
6198
3719
4193
5918
3154
7310
6997
507
4166
297
3832
5097
7288
5392
2448
5609
7539
6703
4798
8620
6130
1747
1601
2831
3940
3779
6227
2866
1414
8851
3351
4918
3526
2494
758
3894
3284
6265
6823
4236
3620
2333
903
2679
898
6850
8061
3160
320
8676
6881
7547
9268
7096
7826
5305
2609
3312
2436
8216
1855
5311
5793
424
3475
4299
8565
355
9963
554
1220
5273
6320
6030
4751
1300
4261
1841
637
9613
3945
5757
9712
1060
5566
3663
7289
7326
2253
1094
8426
1460
1111
5120
1476
3520
5384
2007
8860
2806
7707
1948
5501
5147
5333
6883
9553
5168
4336
7830
7935
5679
4249
9604
6918
1023
5744
8037
5427
5511
4112
141
8797
2931
3862
749
3032
4352
8606
5170
8270
3982
809
8102
3945
1929
1929
5254
1571
3802
4536
2989
9659
3962
6093
6985
1484
6163
1275
5651
519
1522
7221
3334
4082
5925
3394
1311
8250
8572
1744
8568
2787
7442
8650
9480
13
1337
557
4562
1870
2004
5138
8390
3108
5743
9829
2612
7534
2886
9408
42
1269
7525
4654
3232
2905
9795
7951
1494
5119
4899
6350
6444
1922
8987
2069
1058
1750
1330
9370
4137
7861
216
9223
870
9657
5917
5140
3662
3585
3426
4144
7552
6025
1408
1819
1035
9962
5757
124
2707
5059
8607
8596
2949
6013
7109
5980
3281
2961
9033
1581
8768
4446
2419
5308
113
6669
7590
7835
8933
4229
3951
5343
109
3666
7032
400
9332
9857
2404
2844
9115
7324
302
7630
7559
2355
8879
6659
8876
2166
6830
8915
9255
1230
8751
9025
4004
8626
8471
4222
9550
4550
3912
812
260
9899
298
2850
4679
9351
2709
6081
739
4022
7294
5510
4622
3228
2709
8255
678
1350
8347
602
9022
4088
3805
9448
2434
8375
8623
8370
7520
2754
4958
4041
6168
4251
610
2324
3303
8103
4094
6190
3345
6061
5722
1664
5567
1229
3780
7556
5044
1146
7253
108
4679
6493
4650
3767
4519
9073
3675
7416
4130
5861
4482
5773
9913
6520
2362
4197
3667
4914
9249
9387
6563
8073
8212
1605
7477
546
5529
4559
3787
6419
5274
2233
1952
2853
7031
7767
8873
6355
3089
4617
6681
9150
3356
1143
8242
6256
8126
2587
8026
471
2020
6792
8578
9715
6251
9206
7
2540
2265
6077
1336
6016
6091
724
1846
5337
6809
3003
8119
9752
9845
2802
4734
8732
7196
8905
2090
7463
9617
5028
300
5202
242
1272
1826
9356
5182
5166
7513
3506
4382
9826
554
7459
3506
411
3793
9130
3891
42
2876
8161
5585
4461
1063
1138
9747
5975
9570
272
7637
8058
7148
6571
6358
8624
3816
3263
4420
4771
8141
8087
3349
9580
1839
4006
165
9561
1074
1802
6244
1614
3681
657
4973
3219
7171
7474
7122
5671
7314
16
8881
9208
3991
4964
7086
4741
8715
2737
777
7663
109
1253
5116
1942
3850
2057
5023
4020
3910
1754
254
7649
6518
2926
680
4742
4718
8740
9053
651
5838
3910
2512
4418
3475
802
3502
1167
6856
1069
1586
2641
9452
8811
9473
6364
7630
174
9938
8738
2113
8263
3865
530
6483
5416
6433
5589
6879
2903
7348
6328
3979
6732
7591
6735
9300
1316
3634
8468
5176
3673
1260
3004
641
4349
1904
4399
8635
1701
6250
284
9734
4309
782
7582
3777
9511
5431
6157
3444
4389
1439
3272
6118
8762
1714
1549
3662
6408
2844
4825
6326
4953
2921
2281
8906
6625
2282
4783
2477
4247
485
1564
5376
3170
1191
3921
2287
1869
3290
2480
274
1934
4559
566
1274
8877
3414
1807
7472
5200
5329
1543
4552
1412
8813
750
5005
8944
7611
412
5326
4535
2678
7257
3064
3145
4694
9620
7754
8056
5206
7495
4150
7260
5296
535
6062
6523
3632
1394
8207
6239
9877
3191
9433
5671
6270
1180
9919
7326
5815
1567
8503
1119
3154
9067
6240
7342
3059
6550
5901
4558
948
6521
9159
8904
8224
6729
8421
5312
9540
1034
1385
7105
9667
4412
7479
6415
1967
8136
2490
8802
9910
8309
5716
3918
8354
480
4769
8593
1796
9772
4673
5003
9880
9670
2050
2342
2696
3439
4327
3735
1798
3595
9651
9291
5304
9903
7288
6616
2286
1936
7141
9881
5128
5265
4232
6991
7209
6686
9416
7888
5504
1105
242
6295
5882
7720
2531
8486
4861
3302
7819
9590
1561
3710
337
3577
8297
3266
8471
7686
5158
5883
1011
8029
293
4715
2228
2762
6938
7162
5399
520
7752
3564
4212
4200
3007
7694
6388
2912
2277
9735
2418
7215
7874
8188
3620
6917
1442
5777
7782
5794
9876
6418
4634
616
3293
5781
2339
3498
4487
8491
1703
8496
6995
3169
5647
6484
6191
3888
5980
2783
8356
4962
4238
4286
7450
7655
2812
629
9241
751
6977
5110
4469
1588
5010
8167
5426
862
3257
1470
7163
4279
3692
3608
682
5710
6430
1130
4454
2010
5477
4959
8795
1134
2585
5648
4096
3376
8928
4777
481
591
384
7071
1503
6867
8494
7670
6871
9443
4056
8606
7153
8617
2787
4628
2075
1471
8710
1048
336
8837
3529
5291
7221
7414
1798
6824
4472
5043
209
1352
2325
9106
3923
5152
1286
2876
8709
8955
8015
3013
6546
1862
1632
7600
7340
8829
4351
6032
8415
6891
2117
4739
9852
4120
9591
3676
4829
5120
3778
3807
612
949
6522
5127
1132
5558
5209
3602
2351
8696
4393
7849
1662
4931
3334
8367
665
8102
2275
6485
8062
9769
5634
4281
8952
293
3517
3911
3999
8332
8114
5930
6361
2860
4314
5366
9341
936
7225
4104
9169
5920
7428
6322
9871
5008
5477
2301
9569
8172
8192
912
7239
5629
8859
8117
2128
7129
511
9841
9708
8195
4769
1647
4170
3808
7459
9610
5322
9447
3008
5800
3022
9269
7600
9949
1130
5660
9466
162
9377
6310
8554
3507
7723
7440
4351
6864
7592
2255
2316
1294
2825
6737
4664
5005
3483
8910
2713
7660
1647
3624
3264
6821
5808
5337
7439
9263
4857
8857
9198
9020
217
7565
469
9191
8246
9173
8489
8819
2123
6244
8201
2558
5663
1306
2432
240
1359
2669
4614
5551
9924
9801
5900
9953
1496
8129
5101
9567
7878
2886
7078
6216
3885
2091
97
4339
3692
9142
5450
1516
113
6465
7064
4669
2716
7427
2373
39
7189
878
6179
991
1952
5000
3327
8621
3305
5587
4464
2957
583
7879
9996
818
1721
8437
723
1615
5203
185
1391
1365
14
2420
2019
750
8707
2615
730
7521
8732
6233
8331
4836
7693
340
4036
2768
8740
4756
8457
7586
5039
3499
6005
2866
352
5469
6002
4129
5551
9587
6406
5045
2761
3050
2008
4152
5951
7315
4969
5551
9838
6151
4792
2711
9738
1969
8585
8089
6248
4384
9777
7862
9951
1471
7144
5466
1997
1128
9054
764
1579
5931
4623
9570
2236
9796
6888
1268
7609
4644
425
2149
7163
4542
2693
7941
4915
652
6240
3646
5344
840
9870
9090
9044
9592
520
7732
3165
6478
3189
997
2426
9404
1783
1441
9796
8433
2971
55
9310
6363
1401
5692
1799
645
5483
9002
8662
9913
6782
6871
1978
6799
3992
1349
1159
6721
7283
2524
4911
150
9312
3197
9334
1762
5778
9655
6408
747
677
8948
2113
5170
7114
7660
7441
1041
3193
6436
8003
4880
7329
2865
543
1983
5900
6934
1681
7807
8938
7149
2118
4678
273
3656
8285
4622
8553
4027
4000
8943
1749
4675
3769
3640
5026
1817
8147
3365
4352
8492
2973
5934
9264
7633
908
9225
9443
3305
3019
1401
2782
9089
8493
3
3548
8896
9509
7058
4295
5758
2156
2702
8104
5757
73
5402
5125
8304
8271
8758
4407
9878
992
9168
2436
8868
5206
7881
3679
5270
3275
8370
3605
5366
1462
1240
1057
1484
7749
2631
762
1985
4085
7567
6303
3025
8761
2491
6532
3458
2835
4967
7091
5353
7626
7151
4653
9326
203
985
1703
9583
4307
9619
2860
9635
8848
8485
5495
8661
6941
6500
9194
1637
1996
2157
5882
4623
5674
9812
4517
1132
631
9150
8178
6836
4100
4031
6837
4016
8615
6361
3842
44
1231
9233
7765
9524
5941
9777
5228
4340
9810
4387
9429
7671
4115
4385
7657
4088
3751
37
5212
5134
1591
6142
9151
8721
2220
9831
2085
3693
4773
1697
2391
7950
5292
6945
7948
7797
7797
9302
9513
3615
2374
6443
3412
6700
5697
8117
2779
7
2322
1471
3013
9660
7832
9073
1497
4941
7332
5003
466
2716
9321
2840
5279
1323
8821
1311
9065
5125
5169
9096
1090
4714
7582
4463
8424
9976
2651
3978
8027
8529
8465
5742
3004
4725
1200
3225
1552
8498
9046
316
5245
6511
7148
5929
7051
1151
8509
677
5679
3816
9313
2061
2245
6040
7382
9107
4933
5626
5250
3337
7931
8579
5004
4778
1803
5763
4582
3797
5519
7564
6133
260
8916
282
8170
9225
6555
7341
3796
9433
4759
7244
3072
6645
333
6245
809
6564
8510
6215
7260
5558
7539
5136
1851
9479
5429
5859
3286
6577
687
8397
7204
7151
76
5117
4172
559
7945
9027
158
6067
9097
9244
9811
399
3980
5596
6363
3028
4220
2044
4957
6651
8981
9721
1755
7232
7554
2433
3663
4407
4119
6855
7105
8487
6735
4911
1492
8816
4754
8452
5070
7427
6802
9633
6277
4482
5124
8673
6142
1829
5834
4508
7411
6041
4699
2590
8650
5650
5286
7440
657
2157
9724
6627
9944
8435
2090
1423
337
8036
7672
6865
496
6052
6471
8810
3353
4161
5098
2999
5370
6976
5016
6180
1260
4423
5293
1150
972
7131
8965
6322
9025
2105
6881
2099
3734
9441
8431
6442
5288
1822
5620
70
9977
2841
282
8042
8643
6597
1870
6627
6084
5167
2698
2220
1507
6459
5481
6204
4846
1955
3586
8037
67
995
4253
2579
3042
1150
1099
3754
6738
2727
9463
3360
9134
1856
2542
3968
9115
5683
2476
5832
4995
1361
5837
7389
7989
4873
3845
3095
4120
2968
6103
1760
3336
4239
6800
8615
9072
2732
6468
389
3726
7855
227
8717
246
4104
7251
7678
7048
9149
3881
5229
1330
8502
8877
6884
9701
6246
5684
8697
7007
3040
460
520
508
6171
6085
2699
3076
158
8537
4106
4502
4550
7077
2764
5424
2546
7380
4056
336
5144
9169
2666
6968
5593
5508
9981
2090
1615
987
6710
180
7942
1990
8912
230
2481
8899
2463
6081
2014
7839
2218
7004
955
2121
9882
2160
6265
8237
3709
905
3901
9150
1862
5939
59
292
931
730
3937
4254
5691
7530
3428
3253
2373
6625
9798
8679
7989
8396
1695
4973
5302
7680
8846
581
9983
1281
7551
8666
9527
7675
4204
3976
9943
108
3898
9547
435
5727
9427
3042
9434
6654
3311
5868
9906
6335
9891
3405
6975
3114
8471
6736
5575
1275
3132
3098
5112
1658
3611
2323
3618
8007
2493
3832
18
2255
9735
4427
1429
1742
2072
5317
3251
9774
1977
1705
937
3835
608
4696
8332
1410
8592
4492
4982
5046
3281
1063
4505
2896
8456
8648
3259
457
2131
4123
1768
8752
488
7778
7629
5153
2017
4745
3409
2195
1125
6262
2482
9979
4518
9509
5553
7144
9335
3355
5537
3567
1402
6406
9737
1043
6078
1438
7330
5870
9430
338
2309
1643
5376
3796
5711
5336
7722
5054
5458
6303
465
5983
9758
5754
5674
1233
3346
1183
6611
9221
8123
9458
1053
8801
9069
760
4018
381
9570
1962
2943
5114
1258
8135
9677
9909
219
3935
4279
5604
9855
5082
66
8193
7299
4857
9506
6519
8802
3489
6450
4438
773
9017
465
8991
5991
9421
3527
1444
6278
7139
7755
8803
1831
4653
1686
851
5975
7720
3258
2833
3943
8350
6204
524
232
151
2814
3250
2948
5173
2418
7164
8271
7171
8391
4265
5036
3595
462
8304
2046
1365
8546
2078
3319
2050
6118
569
8665
1746
5526
4459
1937
1361
5183
4810
8186
2674
9791
4947
173
1592
7182
5681
7265
1732
7766
3781
1985
196
7528
3605
8096
1642
8653
1710
7574
2929
9563
6877
6407
4691
8527
4322
7239
8211
5714
271
3012
7744
4608
6233
8903
6967
5119
6759
9612
9745
1024
3066
4725
1396
7708
2913
6220
9020
4626
2221
7295
4916
6077
5048
832
1283
3300
466
4420
6184
3351
7184
6911
1580
3447
8285
3779
2372
6765
6695
6518
1382
1816
2975
2365
4688
5624
7043
3359
8422
807
2688
1372
7372
5265
2398
5588
7131
6778
9986
9759
6913
1067
3232
4289
7511
6269
350
5950
2878
7244
6324
950
173
8354
2420
7464
2238
5137
1160
2395
8969
6582
6151
3317
9986
4499
4066
2306
8370
423
5510
8938
2008
8438
6373
9786
7422
7066
6410
1124
3967
7754
2326
3997
1982
9510
3819
8786
4431
2077
6245
7062
5257
4731
3823
7884
1637
8877
664
8540
104
4952
4519
8083
7171
4228
2365
8715
1714
1618
3692
8708
9675
1735
629
1841
4289
4230
9644
1521
4226
1588
5845
7290
62
2607
883
7719
414
3990
5521
5312
17
8177
142
1824
6261
3447
5520
5506
3452
7730
8000
2828
3654
5919
1247
2908
9210
1542
1122
856
804
6003
2896
9598
1533
6693
3253
3249
2131
7714
3149
8984
4399
3604
7452
3082
5408
2825
1115
7950
9799
6771
9677
6492
8409
1160
6992
3064
1076
7300
8480
6570
4241
3804
2312
4633
41
4263
9870
9127
3957
7397
9109
9834
2972
7608
9449
4731
2904
775
5094
3567
3422
7383
199
3460
8538
4228
4633
3973
5444
940
8630
9856
6668
8225
5352
2907
79
7988
8979
7645
3864
447
419
7396
1102
813
3287
8396
7572
1035
3026
5352
5281
9192
6142
6022
8094
3555
7539
8586
886
9497
621
1475
6959
816
1207
8630
6874
7411
8778
819
8739
1281
981
5047
2790
7177
8774
7331
2378
2254
6058
4954
5553
6469
7189
4822
1025
5570
2720
3031
7180
2849
7659
9255
6297
5097
9906
8446
9799
1560
6042
8617
6876
9726
3687
4278
9202
4826
9999
7256
3667
8490
4668
4833
257
6957
2974
3691
7410
7999
3809
7051
5774
3145
9608
2516
9456
9790
271
462
9915
832
6963
9047
6270
6471
2051
8496
6398
2558
7448
4749
5180
3234
6705
6327
5973
1364
1132
152
3955
8672
4768
1115
1349
5378
5049
1283
7249
1371
9783
4897
9409
3605
3770
2655
4636
7785
4492
2116
7404
2629
6419
5492
1515
706
8002
5909
9330
9817
5831
2456
6363
9391
8520
9028
7214
6209
7793
6116
6170
5816
3646
7606
3489
2610
1311
6863
972
1006
662
9053
6670
4684
5772
8732
2719
3628
1003
8607
862
7837
3346
5142
9666
1662
8491
2689
828
2771
7390
6692
5102
6196
9750
8853
1893
7219
4400
9745
9531
9801
6805
442
9107
7843
9241
7360
7678
1397
4666
7233
9476
4809
623
5489
3280
5606
2961
5726
8245
9579
4389
4066
8478
4015
7522
9934
248
5275
4108
9367
4860
8952
5830
8247
5785
6251
911
698
4028
4968
896
7416
4578
6794
6970
7599
4670
8490
656
3089
7011
6411
9507
8340
2345
1091
8633
9939
7662
1103
3814
4248
8230
1960
1485
4123
1592
5670
8940
5528
8087
2796
2056
4017
9699
600
8603
8086
7126
4437
4403
3597
9661
4735
5726
2286
5645
7939
3723
6620
2062
7644
4737
4088
8162
3962
5224
2541
4365
6554
5177
7554
6596
148
2973
8837
7295
9034
4611
5683
8546
2280
9547
7893
6970
5147
8680
874
3832
2010
5061
2158
3915
5085
7844
2599
2786
3598
714
1113
3769
3057
3113
2595
9803
7194
5032
804
6057
3267
6667
3635
224
8935
3666
376
5891
5611
4188
6623
128
1742
7279
555
7014
928
3356
7092
9971
5509
4755
794
4638
6697
7101
2255
1348
3437
6938
5318
4229
4171
5667
6854
4449
1440
2172
2288
5005
3086
9266
6929
6685
5730
3731
2393
8001
4680
5083
2466
2101
6164
3506
2838
9348
6504
7577
6971
3561
652
2605
5357
2471
9425
2019
3148
2271
6302
9924
439
292
5947
6188
5925
6330
5879
5872
6463
1762
2468
5076
893
2352
9593
8371
2902
5568
8072
4523
9975
1560
3968
6886
9282
7447
8632
2867
7706
7954
3003
4262
8336
4219
4900
9722
8226
1497
6607
4294
7745
7359
9117
4489
3886
9615
7643
5907
155
4055
1151
8325
6936
1113
7622
9565
9817
8197
9343
3658
3260
9142
6294
975
2671
9004
8988
729
6840
5422
5354
6107
9126
1318
2145
9234
4091
3356
4676
2061
2742
8872
1857
4590
9406
6465
3431
3271
9413
7736
6236
3390
1093
287
2173
2702
7356
8120
413
8265
2442
9638
3731
5535
2165
6960
1082
6314
7840
6473
3526
5419
2819
1189
3934
455
6464
6959
2289
8335
8615
5096
1496
8956
3596
2866
3862
4179
2136
5569
1591
9630
4762
1233
6684
1358
5951
9585
8613
7258
2618
9501
2916
1995
6067
973
85
4908
2770
2530
9525
5498
7244
2437
4199
4203
2326
6524
980
8173
5754
5089
1298
677
6453
5969
9817
191
6080
7529
6258
6201
8724
6174
9393
9071
1429
8621
719
2802
951
2167
3112
1974
488
3893
2456
9397
8194
8861
7532
1266
8135
5548
1168
3814
4225
5784
8820
7891
5430
8031
5030
5593
437
9205
9660
6548
9873
1580
2272
3048
2998
4225
5639
1660
5874
6903
1942
4195
1642
4337
7512
2394
9987
9431
9722
3863
1788
4901
1456
3483
5347
4145
8675
4789
9803
8841
5632
4430
9247
9068
6865
855
3241
4153
2076
9976
2919
3244
8340
3891
9100
7781
4533
3071
4383
6216
1841
5275
321
404
2535
5130
1407
9350
1688
8470
170
9207
5381
7293
187
1819
2850
8026
1473
629
8001
1007
7818
7114
6711
5871
7661
8913
507
9641
5856
7831
2583
4219
2115
227
5483
6955
4746
3731
8398
9860
1685
442
2912
7265
4544
8346
2375
4956
8807
9765
4492
5028
5820
2328
8597
3166
7445
1539
4339
3324
3976
2803
1349
5334
1055
2583
2878
6722
1975
4380
5420
292
3447
8585
4133
4545
2839
7514
2537
8249
5128
9933
7604
8416
4775
6787
3572
9432
8965
6810
1921
9293
629
535
5190
9998
2973
7965
5695
582
8741
7150
9242
7081
9917
24
5778
1972
4246
4206
75
7292
9017
9424
3149
7175
4946
4696
2886
4981
8047
2010
2354
786
3888
7844
7178
5300
2597
7254
3696
3357
3277
3262
5257
2889
1614
2582
6103
9646
3493
2535
6818
3497
7001
8698
1810
3877
6065
8188
1749
376
274
4787
9076
2761
5074
7934
6169
1273
9331
8523
8244
8711
9110
5529
5051
7042
88
6068
5513
6917
9582
9515
7618
8691
9442
2348
4410
4273
830
81
1276
7950
7625
3581
2812
6807
2436
3652
4097
2507
9827
2257
8163
3225
1877
9318
132
8967
8110
5489
523
2785
2020
5392
708
1516
9637
1887
4365
7579
1356
9268
3685
6879
4354
871
5891
9485
7073
9701
3413
2012
6982
1004
832
3166
9321
4419
1616
7893
4910
6769
3456
7228
9104
8586
475
2053
7564
6200
356
8539
1934
4983
4747
3513
6377
9326
6091
1842
7685
5286
3398
1072
1394
2970
9128
5446
8388
4184
34
3505
8560
6119
1751
8000
3004
1564
6922
397
7118
1373
7087
8465
8353
6619
2947
2920
1033
2960
2136
1412
3199
7585
1608
2596
7338
2978
1044
1184
316
8918
2352
4705
1569
3421
9044
7106
7493
8605
7887
4820
6588
9993
1190
3143
7666
5548
8959
9978
9870
1174
646
1364
2965
3548
7619
9606
8412
4557
2037
3020
8223
59
6159
5192
204
9792
5620
5262
7059
2671
8096
1799
7366
9449
443
5423
7818
687
8670
43
5221
904
3810
3761
554
2091
6179
7826
4320
96
3980
8820
3419
8126
8714
6933
1765
493
5338
7620
4995
5273
5724
3259
2708
5788
8525
1174
794
1387
3323
6263
5957
1411
6123
3544
4860
6558
9577
943
9305
8123
6239
9374
3836
2164
531
5749
4394
8047
4614
2094
9711
8660
6024
4479
7341
2229
3148
1055
11
8640
2461
6334
6756
4138
3143
4896
4007
5082
5659
6721
4461
1448
7172
307
6843
2485
3279
4908
3369
5962
7588
69
8803
1796
7396
36
7714
8846
373
5058
299
7793
1212
7644
9087
4386
2252
9401
4682
3605
3903
6690
4394
71
5691
97
310
727
6178
7055
6904
4046
8435
3787
1628
6122
4510
4129
5157
1289
3588
3042
3669
3748
409
3145
1620
6263
6646
3210
1852
6047
1463
2742
9795
9835
9802
9488
8338
6187
6872
5350
5973
9534
754
1791
9688
4643
7985
2157
1370
3489
8168
1486
7898
2311
2310
5188
9253
4440
1613
2334
5229
8482
2073
2607
9973
3355
8052
1632
9414
1613
5121
1156
6421
1388
3383
9610
2958
5469
1178
9913
3222
8278
2947
1573
59
7674
9070
1771
5709
3187
7335
4477
2331
1090
3809
7070
6993
7693
4856
828
3539
5537
5467
961
1357
1875
7943
4751
8104
3802
7149
4858
40
380
1938
1904
4188
3393
8930
1158
4095
7772
1767
2370
7650
5938
6161
4211
6592
9216
1721
5715
6972
3700
2806
995
4619
560
2867
6572
984
9360
338
4054
9353
1335
8403
332
5086
3227
7568
5644
9172
6168
5076
1159
2308
1560
443
380
3926
2449
1227
6136
9447
325
5816
4726
7430
6272
1848
8202
9327
4304
3598
4099
9586
2262
702
1841
344
9374
1006
987
883
1444
1137
7305
243
5074
5961
1652
7268
2846
3528
1014
1086
4680
4400
526
4532
5880
7312
1872
31
6624
7740
1606
8063
8235
2466
4064
7290
6758
6601
5897
9895
9090
7490
3840
4747
7663
5000
2197
7330
3273
2667
702
6523
5750
3133
4386
3067
879
4971
4688
31
9582
8591
8272
3446
8340
8555
5162
4003
7486
3971
785
2967
6718
1949
2513
6366
2976
7210
316
310
7302
3703
1724
8576
2359
2746
3840
1483
7685
3818
2972
9905
8933
1443
9435
1739
8562
2501
3742
2282
4719
3404
1161
7436
9551
16
3779
3411
1760
