1998
2970
3406
9912
4153
3671
7393
6593
2035
6623
8875
9154
9831
927
834
2375
7819
5574
3181
1832
9558
4805
7528
4973
8286
2209
76
7347
8307
7243
5524
8824
2815
6198
8161
8514
2616
3063
1434
7137
9843
9192
4645
2845
8734
9875
7109
2301
7482
8535
6817
181
6238
8046
9365
7339
6252
1056
1399
7473
8262
3415
1331
7060
7345
3333
3436
5315
8762
4050
9641
3905
152
3438
9487
2505
8840
1497
2892
6606
6500
8143
2912
4952
6874
1230
5150
3279
7464
1073
6741
5685
9905
7341
9158
8140
2497
739
8306
8000
6914
4707
272
7601
5617
5967
6425
4111
9031
5175
5611
2808
7832
1284
9501
2589
5757
3890
128
1563
4678
4343
6457
9692
2166
1169
1484
8626
1414
4359
9424
2313
3623
2397
3527
2332
5728
728
2557
2930
8603
9592
4632
5019
5440
2856
8771
2979
6682
9052
6193
1658
7392
86
7875
8886
1778
7801
2691
3568
27
5914
4007
7391
3477
8314
6414
8938
4730
9730
9668
8852
7775
8296
9572
2400
2191
8796
1203
9942
5310
3497
7248
1726
2830
8407
5703
3856
805
1506
4309
5204
9798
9283
7655
3866
295
1915
3880
2385
8771
9573
511
8591
7401
8595
2713
622
3130
515
7199
8036
6424
1159
8133
4029
2970
673
7731
7785
9559
2500
5244
1789
9855
7914
6038
5162
6146
4291
8445
7135
5377
4614
2286
1878
9463
1630
2759
599
1429
1218
8323
7365
7716
8864
3312
6351
8636
9349
2226
1764
4299
6695
8422
9994
2914
8979
3645
3352
2524
7530
4824
4388
5259
8861
8349
7893
729
7512
5410
3906
7751
4150
852
7053
1387
3471
2219
5843
1449
7299
7034
5834
6046
1095
8217
1950
3156
4848
4065
4610
734
6893
2748
4072
994
7157
5162
2872
5214
9805
226
977
6683
9120
3602
1572
1760
5357
6591
691
9972
491
3948
643
8918
2978
1597
391
6870
1244
8314
8860
8590
4838
3112
6316
3167
9556
1899
4709
8097
7128
9775
5632
2418
1750
4604
9959
8005
4675
5965
6869
6279
9353
3267
8615
1726
9818
2180
6628
1860
6100
8906
9578
1017
8155
3694
2219
3411
2592
9012
5071
7428
9647
3516
1341
9663
8080
5922
5130
1954
9535
5950
9620
6863
9511
4509
4997
1169
3792
5317
7974
7446
3616
3000
2385
752
7648
2875
9516
8122
98
6749
273
9747
3062
1920
4071
6889
8449
9283
1832
9236
6968
8846
8124
2817
2716
2087
2418
6650
7522
5469
5972
6853
2149
5213
6165
4591
2487
9341
4096
9282
3277
4555
7774
610
8560
5984
2081
717
3349
6424
2200
3267
2801
8638
1128
7620
7874
5121
8252
2500
2555
5624
1308
9149
7202
4565
7374
1467
2726
9720
7591
3299
1613
1104
5937
827
4619
1804
2967
6286
3871
1461
3408
3672
2779
6783
5577
5993
7650
3166
5819
6227
9766
5874
8435
2080
6241
8824
9559
5381
5359
4164
6517
7794
4358
6117
2763
6215
4194
1899
1285
1963
5572
4779
3903
8093
2502
3549
105
7105
4105
2926
4805
2033
2495
1990
9887
269
3782
5952
4539
2943
3004
796
3283
8705
8648
6886
3694
9028
3644
2895
2309
6271
6346
262
8013
1465
3757
4282
7978
1590
8593
8308
5374
4452
8308
2180
5162
8148
9189
3180
2630
8299
7388
723
3942
708
2065
1926
3804
2477
5514
8126
1239
5186
5169
334
7869
2993
4654
1228
6296
1559
3662
1385
7201
27
5732
9322
6085
2297
3804
8433
6419
1535
1100
5504
5066
1079
2588
1258
6030
3085
3522
5539
3644
8390
4030
6826
784
9397
163
4604
7339
9725
9923
212
1697
1437
9366
2662
6164
5767
2901
4579
8116
4389
7203
5940
6014
6103
4329
2769
2497
4829
9599
4635
5330
8272
1500
545
7519
2045
5975
6168
130
5407
1904
7310
5064
8540
996
8696
3851
9181
6395
5179
9984
378
1012
6237
7834
3295
7107
6059
6989
5139
1962
1957
9450
6676
6514
1562
9995
1078
6794
8349
4118
765
4889
7409
5933
2388
6357
4716
4870
7154
4164
8609
5330
9959
6898
4452
5391
9465
1355
2978
248
3646
7947
7303
227
2508
1767
7825
9380
5796
3660
6577
5391
3402
8591
958
185
6740
6311
5996
8398
6919
3197
9493
8512
3334
2194
7048
5094
7298
9847
3649
9554
6401
1526
8118
7532
8393
3289
7546
3251
6352
1833
4051
3798
4833
5587
4758
2560
2898
980
4786
9671
3790
3924
5113
3086
2410
4673
1098
8799
8269
8701
989
5940
3450
4450
1283
6355
6185
3251
3867
2495
7001
248
9671
9712
1898
5721
5110
6307
6166
8047
1980
4664
8508
7341
3584
8161
7077
7314
3481
4432
1076
1020
3633
5517
3589
1656
5925
9660
5463
2147
1887
652
7144
1730
1215
8266
9626
9673
1547
2573
3661
6302
2873
5231
3086
3718
4918
4950
7039
9627
308
4380
396
5580
4210
9778
5440
9956
5922
8551
6256
3631
7151
6680
681
7839
5523
4872
2536
7171
5218
265
3632
6201
5444
9011
3828
9906
9221
5077
3555
721
1556
6143
3878
3576
2926
7155
9987
4715
9242
3960
576
9664
5026
9755
5542
3181
269
2187
6475
705
7505
4981
4313
6958
4315
1369
411
7848
5885
4150
7722
1034
4187
2477
4617
6635
1330
705
6832
8243
8147
8045
5926
9253
3969
3746
7356
8932
1922
2755
6749
6388
4862
5295
7184
2963
1702
4934
4682
1548
4927
4463
4329
1665
5295
888
4716
1626
1628
3551
6662
6080
2352
6793
7417
208
4413
8486
5726
7789
6890
8519
280
8216
5673
5987
7837
9039
1461
8131
7936
5933
3275
4037
7175
3329
5851
5849
6001
6335
234
8337
7659
5806
9647
2112
7906
9586
6636
4255
3848
6673
3659
4517
1423
5883
5017
751
9727
7110
8199
7505
6150
4857
880
903
7116
9755
4134
5905
4815
2949
1413
6534
6074
6751
9275
2343
6316
6458
9086
7874
7738
8631
2583
1756
4334
2216
3081
5732
3961
6644
1764
5250
9071
3749
8919
8370
9519
6652
9062
6858
2572
7253
8712
7214
273
443
3783
4963
1035
4910
3280
8861
5735
2533
2310
7078
8395
1644
7077
8292
2005
9596
7595
3023
