1936
6035
6089
203
5899
97
9911
2862
1299
1334
4563
5902
7453
7088
9256
5184
7728
7791
6416
8793
1547
2379
5008
6357
4529
8321
7173
4600
5759
3561
8675
6532
3435
564
4899
7887
9139
1010
5193
9318
8019
4258
3361
5832
9099
7354
9542
3747
2476
981
7562
9902
1853
1450
8090
7170
3921
2279
8316
674
9230
1323
9755
4664
7139
7906
4999
5955
2623
7336
3135
7901
5626
4527
6113
227
4331
796
7198
1313
3223
7083
7913
3207
4527
3984
4190
1042
7202
4892
90
9223
7036
6739
8979
6923
2755
3480
6135
6651
2476
3186
7927
8551
2475
9673
8280
1060
8985
7178
4906
7960
7757
9495
6212
4801
572
3198
3110
3966
7344
4435
3480
1767
9239
5596
967
7948
