9943
8728
9182
1864
3969
7469
4901
1977
950
7974
5881
5304
8431
5598
2721
46
4794
1791
7180
2199
581
4410
5047
8315
6637
7490
2001
2006
3051
7131
6119
9952
6656
9243
2369
6483
1142
9213
4251
9911
7209
765
1018
7711
9901
1628
1794
4335
1369
5057
261
1221
1523
6788
2982
1834
7358
3299
7688
2857
8418
4094
1896
2268
9354
7353
9371
7038
3392
331
4816
7595
5357
9039
6964
222
7746
5586
1511
7141
7405
971
2106
3062
4344
3305
5502
9934
1580
89
5253
4876
6776
1989
5516
3318
3761
2940
8720
1145
8505
2604
4268
9881
3874
8562
9405
1952
1549
7615
6858
2162
4784
2265
4329
7611
848
6888
292
4884
8372
4752
9371
2847
1671
1415
8346
495
199
943
1023
6205
8126
9815
5384
788
1958
76
9187
7855
5545
466
1186
8282
3955
3125
3724
5642
350
1185
9511
6940
526
9394
8308
606
4232
3686
359
6265
1245
6796
7054
3894
8817
9251
8881
8520
642
9997
3935
9846
3802
1121
3348
8716
899
408
2960
7892
918
3604
3413
2221
7106
7817
9659
8589
5889
4710
3220
7952
8037
1238
2757
528
7315
5193
7665
2482
9152
1750
814
6064
3263
2077
3195
180
8878
7525
1931
4129
7917
6187
9959
3907
5539
6976
4595
614
6973
4028
5138
5798
6507
6025
7230
1434
9443
9426
2974
2697
5095
9105
1548
4123
5526
5162
2346
1907
3676
7744
4219
4007
1501
9301
8462
2594
5401
3478
9591
6801
1159
9345
8392
295
9574
7022
6316
4844
9478
7227
3897
1989
8734
5220
5440
7860
8201
4466
3476
9458
4658
5767
3578
313
9086
6606
2988
426
5592
9525
3922
794
8325
4463
4267
979
8381
8008
2933
3465
6928
4661
1051
6743
6525
1183
1387
4783
7901
1373
3985
4460
6348
9818
7533
7757
6376
6193
6457
3059
6638
539
2373
9861
8244
5008
5259
7913
3293
218
1377
1117
9895
559
7421
4718
7145
4408
9416
9055
3280
9033
4131
9812
6461
5094
7878
7159
3157
164
4810
3819
5941
7
9448
9042
814
270
6243
8861
6365
474
6012
8609
814
5472
4310
9558
5263
8262
7688
8690
9685
7345
4567
4387
2112
4496
2707
8835
960
129
4279
3441
4775
9607
7931
3564
8510
1265
4311
603
2915
2737
381
8024
5609
6166
4764
9487
777
4637
8252
9972
8917
8099
7537
5072
5034
9319
4862
4251
8008
6123
5884
8589
1948
5547
8983
417
8357
3716
9784
6930
6721
3576
6809
5191
5094
7113
4946
876
739
4420
1695
380
2126
2513
7607
9912
9537
5069
6951
6475
6151
8726
6499
4234
3160
5807
1218
2441
4007
4614
1378
590
5116
9224
2727
9611
3032
3557
599
9825
1577
3028
6397
746
429
9602
8286
5886
1227
936
7363
9014
4111
8567
5263
1820
581
4991
6600
7813
7680
1243
6647
720
8551
3166
1248
4972
242
1196
973
2743
2719
2056
6
5280
4252
1095
5462
4916
5462
4344
1355
6849
6522
7834
1041
5751
7619
8685
9634
6713
3639
858
2302
296
